% start	end	CellId	IMSI	RNTI	LCID	nTxPDUs	TxBytes	nRxPDUs	RxBytes	delay	stdDev	min	max	PduSize	stdDev	min	max
3	3.25	1	1	1	3	16	4344	16	4344	0.00471429	0	0.00471429	0.00471429	271.5	229.822	56	944	
3.25	3.5	1	1	1	3	17	8393	17	8393	0.00471429	0	0.00471429	0.00471429	493.706	141.325	389	944	
3.5	3.75	1	1	1	3	17	5451	16	5062	0.00471429	0	0.00471429	0.00471429	316.375	56.2446	223	389	
3.75	4	1	1	1	3	16	6173	17	6562	0.00471429	0	0.00471429	0.00471429	386	169.307	223	944	
4	4.25	1	1	1	3	17	7173	17	7173	0.00471429	0	0.00471429	0.00471429	421.941	149.423	223	944	
4.25	4.5	1	1	1	3	17	5784	16	5339	0.00471429	0	0.00471429	0.00471429	333.688	60.7977	223	445	
4.5	4.75	1	1	1	3	16	5951	17	6396	0.00471429	0	0.00471429	0.00471429	376.235	169.362	223	944	
4.75	5	1	1	1	3	17	7006	17	7006	0.00471429	0	0.00471429	0.00471429	412.118	158.198	223	944	
5	5.25	1	1	1	3	17	6173	16	5728	0.00471429	0	0.00471429	0.00471429	358	60.7816	278	445	
5.25	5.5	1	1	1	3	16	5784	17	6229	0.00471429	0	0.00471429	0.00471429	366.412	167.665	223	944	
5.5	5.75	1	1	1	3	17	6839	17	6839	0.00471429	0	0.00471429	0.00471429	402.294	163.577	223	944	
5.75	6	1	1	1	3	17	6562	16	6117	0.00471429	0	0.00471429	0.00471429	382.312	63.7136	278	500	
6	6.25	1	1	1	3	16	5617	17	6062	0.00471429	0	0.00471429	0.00471429	356.588	163.008	223	944	
6.25	6.5	1	1	1	3	17	6617	17	6617	0.00471429	0	0.00471429	0.00471429	389.235	168.776	223	944	
6.5	6.75	1	1	1	3	17	7284	16	6950	0.00471429	0	0.00471429	0.00471429	434.375	144.956	334	944	
6.75	7	1	1	1	3	16	5117	17	5451	0.00471429	0	0.00471429	0.00471429	320.647	57.2363	223	389	
7	7.25	1	1	1	3	17	6507	17	6507	0.00471429	0	0.00471429	0.00471429	382.765	169.771	223	944	
7.25	7.5	1	1	1	3	17	7062	16	6839	0.00471429	0	0.00471429	0.00471429	427.438	152.538	223	944	
7.5	7.75	1	1	1	3	16	5561	17	5784	0.00471429	0	0.00471429	0.00471429	340.235	64.7626	223	445	
7.75	8	1	1	1	3	17	6285	17	6285	0.00471429	0	0.00471429	0.00471429	369.706	168.684	223	944	
8	8.25	1	1	1	3	17	6950	16	6672	0.00471429	0	0.00471429	0.00471429	417	162.058	223	944	
8.25	8.5	1	1	1	3	16	5895	17	6173	0.00471429	0	0.00471429	0.00471429	363.118	62.5199	278	445	
8.5	8.75	1	1	1	3	17	6173	17	6173	0.00471429	0	0.00471429	0.00471429	363.118	166.571	223	944	
8.75	9	1	1	1	3	17	6728	16	6450	0.00471429	0	0.00471429	0.00471429	403.125	168.905	223	944	
9	9.25	1	1	1	3	16	6284	17	6562	0.00471429	0	0.00471429	0.00471429	386	63.5364	278	500	
9.25	9.5	1	1	1	3	17	6006	17	6006	0.00471429	0	0.00471429	0.00471429	353.294	161.67	223	944	
9.5	9.75	1	1	1	3	17	6562	16	6228	0.00471429	0	0.00471429	0.00471429	389.25	174.311	223	944	
9.75	10	1	1	1	3	16	6950	17	7284	0.00471429	0	0.00471429	0.00471429	428.471	142.449	334	944	
10	10.25	1	1	1	3	17	5562	17	5562	0.00471429	0	0.00471429	0.00471429	327.176	64.6995	223	445	
10.25	10.5	1	1	1	3	17	6396	16	6062	0.00471429	0	0.00471429	0.00471429	378.875	174.555	223	944	
10.5	10.75	1	1	1	3	16	6728	17	7062	0.00471429	0	0.00471429	0.00471429	415.412	155.795	223	944	
10.75	11	1	1	1	3	17	6006	17	6006	0.00471429	0	0.00471429	0.00471429	353.294	61.9675	278	445	
11	11.25	1	1	1	3	17	6229	16	5840	0.00471429	0	0.00471429	0.00471429	365	173.06	223	944	
11.25	11.5	1	1	1	3	16	6561	17	6950	0.00471429	0	0.00471429	0.00471429	408.824	160.492	223	944	
11.5	11.75	1	1	1	3	17	6395	17	6395	0.00471429	0	0.00471429	0.00471429	376.176	66.6767	278	500	
11.75	12	1	1	1	3	17	6062	16	5673	0.00471429	0	0.00471429	0.00471429	354.563	168.132	223	944	
12	12.25	1	1	1	3	16	6339	17	6728	0.00471429	0	0.00471429	0.00471429	395.765	166.333	223	944	
12.25	12.5	1	1	1	3	17	7228	17	7228	0.00471429	0	0.00471429	0.00471429	425.176	145.387	278	944	
12.5	12.75	1	1	1	3	17	5451	16	5062	0.00471429	0	0.00471429	0.00471429	316.375	56.2446	223	389	
12.75	13	1	1	1	3	16	6173	17	6562	0.00471429	0	0.00471429	0.00471429	386	169.307	223	944	
13	13.25	1	1	1	3	17	7173	17	7173	0.00471429	0	0.00471429	0.00471429	421.941	149.423	223	944	
13.25	13.5	1	1	1	3	17	5784	16	5339	0.00471429	0	0.00471429	0.00471429	333.688	60.7977	223	445	
13.5	13.75	1	1	1	3	16	5951	17	6396	0.00471429	0	0.00471429	0.00471429	376.235	169.362	223	944	
13.75	14	1	1	1	3	17	7006	17	7006	0.00471429	0	0.00471429	0.00471429	412.118	158.198	223	944	
14	14.25	1	1	1	3	17	6173	16	5728	0.00471429	0	0.00471429	0.00471429	358	60.7816	278	445	
14.25	14.5	1	1	1	3	16	5784	17	6229	0.00471429	0	0.00471429	0.00471429	366.412	167.665	223	944	
14.5	14.75	1	1	1	3	17	6839	17	6839	0.00471429	0	0.00471429	0.00471429	402.294	163.577	223	944	
14.75	15	1	1	1	3	17	6562	16	6117	0.00471429	0	0.00471429	0.00471429	382.312	63.7136	278	500	
15	15.25	1	1	1	3	16	5617	17	6062	0.00471429	0	0.00471429	0.00471429	356.588	163.008	223	944	
15.25	15.5	1	1	1	3	17	6617	17	6617	0.00471429	0	0.00471429	0.00471429	389.235	168.776	223	944	
15.5	15.75	1	1	1	3	17	7284	16	6950	0.00471429	0	0.00471429	0.00471429	434.375	144.956	334	944	
15.75	16	1	1	1	3	16	5117	17	5451	0.00471429	0	0.00471429	0.00471429	320.647	57.2363	223	389	
16	16.25	1	1	1	3	17	6507	17	6507	0.00471429	0	0.00471429	0.00471429	382.765	169.771	223	944	
16.25	16.5	1	1	1	3	17	7062	16	6839	0.00471429	0	0.00471429	0.00471429	427.438	152.538	223	944	
16.5	16.75	1	1	1	3	16	5561	17	5784	0.00471429	0	0.00471429	0.00471429	340.235	64.7626	223	445	
16.75	17	1	1	1	3	17	6285	17	6285	0.00471429	0	0.00471429	0.00471429	369.706	168.684	223	944	
17	17.25	1	1	1	3	17	6950	16	6672	0.00471429	0	0.00471429	0.00471429	417	162.058	223	944	
17.25	17.5	1	1	1	3	16	5895	17	6173	0.00471429	0	0.00471429	0.00471429	363.118	62.5199	278	445	
17.5	17.75	1	1	1	3	17	6173	17	6173	0.00471429	0	0.00471429	0.00471429	363.118	166.571	223	944	
17.75	18	1	1	1	3	17	6728	16	6450	0.00471429	0	0.00471429	0.00471429	403.125	168.905	223	944	
18	18.25	1	1	1	3	16	6284	17	6562	0.00471429	0	0.00471429	0.00471429	386	63.5364	278	500	
18.25	18.5	1	1	1	3	17	6006	17	6006	0.00471429	0	0.00471429	0.00471429	353.294	161.67	223	944	
18.5	18.75	1	1	1	3	17	6562	16	6228	0.00471429	0	0.00471429	0.00471429	389.25	174.311	223	944	
18.75	19	1	1	1	3	16	6950	17	7284	0.00471429	0	0.00471429	0.00471429	428.471	142.449	334	944	
19	19.25	1	1	1	3	17	5562	17	5562	0.00471429	0	0.00471429	0.00471429	327.176	64.6995	223	445	
19.25	19.5	1	1	1	3	17	6396	16	6062	0.00471429	0	0.00471429	0.00471429	378.875	174.555	223	944	
19.5	19.75	1	1	1	3	16	6728	17	7062	0.00471429	0	0.00471429	0.00471429	415.412	155.795	223	944	
19.75	20	1	1	1	3	17	6006	17	6006	0.00471429	0	0.00471429	0.00471429	353.294	61.9675	278	445	
20	20.25	1	1	1	3	17	6229	16	5840	0.00471429	0	0.00471429	0.00471429	365	173.06	223	944	
20.25	20.5	1	1	1	3	16	6561	17	6950	0.00471429	0	0.00471429	0.00471429	408.824	160.492	223	944	
20.5	20.75	1	1	1	3	17	6395	17	6395	0.00471429	0	0.00471429	0.00471429	376.176	66.6767	278	500	
20.75	21	1	1	1	3	17	6062	16	5673	0.00471429	0	0.00471429	0.00471429	354.563	168.132	223	944	
21	21.25	1	1	1	3	16	6339	17	6728	0.00471429	0	0.00471429	0.00471429	395.765	166.333	223	944	
21.25	21.5	1	1	1	3	17	7228	17	7228	0.00471429	0	0.00471429	0.00471429	425.176	145.387	278	944	
21.5	21.75	1	1	1	3	17	5451	16	5062	0.00471429	0	0.00471429	0.00471429	316.375	56.2446	223	389	
21.75	22	1	1	1	3	16	6173	17	6562	0.00471429	0	0.00471429	0.00471429	386	169.307	223	944	
22	22.25	1	1	1	3	17	7173	17	7173	0.00471429	0	0.00471429	0.00471429	421.941	149.423	223	944	
22.25	22.5	1	1	1	3	17	5784	16	5339	0.00471429	0	0.00471429	0.00471429	333.688	60.7977	223	445	
22.5	22.75	1	1	1	3	16	5951	17	6396	0.00471429	0	0.00471429	0.00471429	376.235	169.362	223	944	
22.75	23	1	1	1	3	17	7006	17	7006	0.00471429	0	0.00471429	0.00471429	412.118	158.198	223	944	
23	23.25	1	1	1	3	17	6173	16	5728	0.00471429	0	0.00471429	0.00471429	358	60.7816	278	445	
23.25	23.5	1	1	1	3	16	5784	17	6229	0.00471429	0	0.00471429	0.00471429	366.412	167.665	223	944	
23.5	23.75	1	1	1	3	17	6839	17	6839	0.00471429	0	0.00471429	0.00471429	402.294	163.577	223	944	
23.75	24	1	1	1	3	17	6562	16	6117	0.00471429	0	0.00471429	0.00471429	382.312	63.7136	278	500	
24	24.25	1	1	1	3	16	5617	17	6062	0.00471429	0	0.00471429	0.00471429	356.588	163.008	223	944	
24.25	24.5	1	1	1	3	17	6617	17	6617	0.00471429	0	0.00471429	0.00471429	389.235	168.776	223	944	
24.5	24.75	1	1	1	3	17	7284	16	6950	0.00471429	0	0.00471429	0.00471429	434.375	144.956	334	944	
24.75	25	1	1	1	3	16	5117	17	5451	0.00471429	0	0.00471429	0.00471429	320.647	57.2363	223	389	
25	25.25	1	1	1	3	17	6507	17	6507	0.00471429	0	0.00471429	0.00471429	382.765	169.771	223	944	
25.25	25.5	1	1	1	3	17	7062	16	6839	0.00471429	0	0.00471429	0.00471429	427.438	152.538	223	944	
25.5	25.75	1	1	1	3	16	5561	17	5784	0.00471429	0	0.00471429	0.00471429	340.235	64.7626	223	445	
25.75	26	1	1	1	3	17	6285	17	6285	0.00471429	0	0.00471429	0.00471429	369.706	168.684	223	944	
26	26.25	1	1	1	3	17	6950	16	6672	0.00471429	0	0.00471429	0.00471429	417	162.058	223	944	
26.25	26.5	1	1	1	3	16	5895	17	6173	0.00471429	0	0.00471429	0.00471429	363.118	62.5199	278	445	
26.5	26.75	1	1	1	3	17	6173	17	6173	0.00471429	0	0.00471429	0.00471429	363.118	166.571	223	944	
26.75	27	1	1	1	3	17	6728	16	6450	0.00471429	0	0.00471429	0.00471429	403.125	168.905	223	944	
27	27.25	1	1	1	3	16	6284	17	6562	0.00471429	0	0.00471429	0.00471429	386	63.5364	278	500	
27.25	27.5	1	1	1	3	17	6006	17	6006	0.00471429	0	0.00471429	0.00471429	353.294	161.67	223	944	
27.5	27.75	1	1	1	3	17	6562	16	6228	0.00471429	0	0.00471429	0.00471429	389.25	174.311	223	944	
27.75	28	1	1	1	3	16	6950	17	7284	0.00471429	0	0.00471429	0.00471429	428.471	142.449	334	944	
28	28.25	1	1	1	3	17	5562	17	5562	0.00471429	0	0.00471429	0.00471429	327.176	64.6995	223	445	
28.25	28.5	1	1	1	3	17	6396	16	6062	0.00471429	0	0.00471429	0.00471429	378.875	174.555	223	944	
28.5	28.75	1	1	1	3	16	6728	17	7062	0.00471429	0	0.00471429	0.00471429	415.412	155.795	223	944	
28.75	29	1	1	1	3	17	6006	17	6006	0.00471429	0	0.00471429	0.00471429	353.294	61.9675	278	445	
29	29.25	1	1	1	3	17	6229	16	5840	0.00471429	0	0.00471429	0.00471429	365	173.06	223	944	
29.25	29.5	1	1	1	3	16	6561	17	6950	0.00471429	0	0.00471429	0.00471429	408.824	160.492	223	944	
29.5	29.75	1	1	1	3	17	6395	17	6395	0.00471429	0	0.00471429	0.00471429	376.176	66.6767	278	500	
29.75	30	1	1	1	3	17	6062	16	5673	0.00471429	0	0.00471429	0.00471429	354.563	168.132	223	944	
30	30.25	1	1	1	3	16	6339	17	6728	0.00471429	0	0.00471429	0.00471429	395.765	166.333	223	944	
30.25	30.5	1	1	1	3	17	7228	17	7228	0.00471429	0	0.00471429	0.00471429	425.176	145.387	278	944	
30.5	30.75	1	1	1	3	17	5451	16	5062	0.00471429	0	0.00471429	0.00471429	316.375	56.2446	223	389	
30.75	31	1	1	1	3	16	6173	17	6562	0.00471429	0	0.00471429	0.00471429	386	169.307	223	944	
31	31.25	1	1	1	3	17	7173	17	7173	0.00471429	0	0.00471429	0.00471429	421.941	149.423	223	944	
31.25	31.5	1	1	1	3	17	5784	16	5339	0.00471429	0	0.00471429	0.00471429	333.688	60.7977	223	445	
31.5	31.75	1	1	1	3	16	5951	17	6396	0.00471429	0	0.00471429	0.00471429	376.235	169.362	223	944	
31.75	32	1	1	1	3	17	7006	17	7006	0.00471429	0	0.00471429	0.00471429	412.118	158.198	223	944	
32	32.25	1	1	1	3	17	6173	16	5728	0.00471429	0	0.00471429	0.00471429	358	60.7816	278	445	
32.25	32.5	1	1	1	3	16	5784	17	6229	0.00471429	0	0.00471429	0.00471429	366.412	167.665	223	944	
32.5	32.75	1	1	1	3	17	6839	17	6839	0.00471429	0	0.00471429	0.00471429	402.294	163.577	223	944	
32.75	33	1	1	1	3	17	6562	16	6117	0.00471429	0	0.00471429	0.00471429	382.312	63.7136	278	500	
33	33.25	1	1	1	3	16	5617	17	6062	0.00471429	0	0.00471429	0.00471429	356.588	163.008	223	944	
33.25	33.5	1	1	1	3	17	6617	17	6617	0.00471429	0	0.00471429	0.00471429	389.235	168.776	223	944	
33.5	33.75	1	1	1	3	17	7284	16	6950	0.00471429	0	0.00471429	0.00471429	434.375	144.956	334	944	
33.75	34	1	1	1	3	16	5117	17	5451	0.00471429	0	0.00471429	0.00471429	320.647	57.2363	223	389	
34	34.25	1	1	1	3	17	6507	17	6507	0.00471429	0	0.00471429	0.00471429	382.765	169.771	223	944	
34.25	34.5	1	1	1	3	17	7062	16	6839	0.00471429	0	0.00471429	0.00471429	427.438	152.538	223	944	
34.5	34.75	1	1	1	3	16	5561	17	5784	0.00471429	0	0.00471429	0.00471429	340.235	64.7626	223	445	
34.75	35	1	1	1	3	17	6285	17	6285	0.00471429	0	0.00471429	0.00471429	369.706	168.684	223	944	
35	35.25	1	1	1	3	17	6950	16	6672	0.00471429	0	0.00471429	0.00471429	417	162.058	223	944	
35.25	35.5	1	1	1	3	16	5895	17	6173	0.00471429	0	0.00471429	0.00471429	363.118	62.5199	278	445	
35.5	35.75	1	1	1	3	17	6173	17	6173	0.00471429	0	0.00471429	0.00471429	363.118	166.571	223	944	
35.75	36	1	1	1	3	17	6728	16	6450	0.00471429	0	0.00471429	0.00471429	403.125	168.905	223	944	
36	36.25	1	1	1	3	16	6284	17	6562	0.00471429	0	0.00471429	0.00471429	386	63.5364	278	500	
36.25	36.5	1	1	1	3	17	6006	17	6006	0.00471429	0	0.00471429	0.00471429	353.294	161.67	223	944	
36.5	36.75	1	1	1	3	17	6562	16	6228	0.00471429	0	0.00471429	0.00471429	389.25	174.311	223	944	
36.75	37	1	1	1	3	16	6950	17	7284	0.00471429	0	0.00471429	0.00471429	428.471	142.449	334	944	
37	37.25	1	1	1	3	17	5562	17	5562	0.00471429	0	0.00471429	0.00471429	327.176	64.6995	223	445	
37.25	37.5	1	1	1	3	17	6396	16	6062	0.00471429	0	0.00471429	0.00471429	378.875	174.555	223	944	
37.5	37.75	1	1	1	3	16	6728	17	7062	0.00471429	0	0.00471429	0.00471429	415.412	155.795	223	944	
37.75	38	1	1	1	3	17	6006	17	6006	0.00471429	0	0.00471429	0.00471429	353.294	61.9675	278	445	
38	38.25	1	1	1	3	17	6229	16	5840	0.00471429	0	0.00471429	0.00471429	365	173.06	223	944	
38.25	38.5	1	1	1	3	16	6561	17	6950	0.00471429	0	0.00471429	0.00471429	408.824	160.492	223	944	
38.5	38.75	1	1	1	3	17	6395	17	6395	0.00471429	0	0.00471429	0.00471429	376.176	66.6767	278	500	
38.75	39	1	1	1	3	17	6062	16	5673	0.00471429	0	0.00471429	0.00471429	354.563	168.132	223	944	
39	39.25	1	1	1	3	16	6339	17	6728	0.00471429	0	0.00471429	0.00471429	395.765	166.333	223	944	
39.25	39.5	1	1	1	3	17	7228	17	7228	0.00471429	0	0.00471429	0.00471429	425.176	145.387	278	944	
39.5	39.75	1	1	1	3	17	5451	16	5062	0.00471429	0	0.00471429	0.00471429	316.375	56.2446	223	389	
39.75	40	1	1	1	3	16	6173	17	6562	0.00471429	0	0.00471429	0.00471429	386	169.307	223	944	
40	40.25	1	1	1	3	17	7173	17	7173	0.00471429	0	0.00471429	0.00471429	421.941	149.423	223	944	
40.25	40.5	1	1	1	3	17	5784	16	5339	0.00471429	0	0.00471429	0.00471429	333.688	60.7977	223	445	
40.5	40.75	1	1	1	3	16	5951	17	6396	0.00471429	0	0.00471429	0.00471429	376.235	169.362	223	944	
40.75	41	1	1	1	3	17	7006	17	7006	0.00471429	0	0.00471429	0.00471429	412.118	158.198	223	944	
41	41.25	1	1	1	3	17	6173	16	5728	0.00471429	0	0.00471429	0.00471429	358	60.7816	278	445	
41.25	41.5	1	1	1	3	16	5784	17	6229	0.00471429	0	0.00471429	0.00471429	366.412	167.665	223	944	
41.5	41.75	1	1	1	3	17	6839	17	6839	0.00471429	0	0.00471429	0.00471429	402.294	163.577	223	944	
41.75	42	1	1	1	3	17	6562	16	6117	0.00471429	0	0.00471429	0.00471429	382.312	63.7136	278	500	
42	42.25	1	1	1	3	16	5617	17	6062	0.00471429	0	0.00471429	0.00471429	356.588	163.008	223	944	
42.25	42.5	1	1	1	3	17	6617	17	6617	0.00471429	0	0.00471429	0.00471429	389.235	168.776	223	944	
42.5	42.75	1	1	1	3	17	7284	16	6950	0.00471429	0	0.00471429	0.00471429	434.375	144.956	334	944	
42.75	43	1	1	1	3	16	5117	17	5451	0.00471429	0	0.00471429	0.00471429	320.647	57.2363	223	389	
43	43.25	1	1	1	3	17	6507	17	6507	0.00471429	0	0.00471429	0.00471429	382.765	169.771	223	944	
43.25	43.5	1	1	1	3	17	7062	16	6839	0.00471429	0	0.00471429	0.00471429	427.438	152.538	223	944	
43.5	43.75	1	1	1	3	16	5561	17	5784	0.00471429	0	0.00471429	0.00471429	340.235	64.7626	223	445	
43.75	44	1	1	1	3	17	6285	17	6285	0.00471429	0	0.00471429	0.00471429	369.706	168.684	223	944	
44	44.25	1	1	1	3	17	6950	16	6672	0.00471429	0	0.00471429	0.00471429	417	162.058	223	944	
44.25	44.5	1	1	1	3	16	5895	17	6173	0.00471429	0	0.00471429	0.00471429	363.118	62.5199	278	445	
44.5	44.75	1	1	1	3	17	6173	17	6173	0.00471429	0	0.00471429	0.00471429	363.118	166.571	223	944	
44.75	45	1	1	1	3	17	6728	16	6450	0.00471429	0	0.00471429	0.00471429	403.125	168.905	223	944	
45	45.25	1	1	1	3	16	6284	17	6562	0.00471429	0	0.00471429	0.00471429	386	63.5364	278	500	
45.25	45.5	1	1	1	3	17	6006	17	6006	0.00471429	0	0.00471429	0.00471429	353.294	161.67	223	944	
45.5	45.75	1	1	1	3	17	6562	16	6228	0.00471429	0	0.00471429	0.00471429	389.25	174.311	223	944	
45.75	46	1	1	1	3	16	6950	17	7284	0.00471429	0	0.00471429	0.00471429	428.471	142.449	334	944	
46	46.25	1	1	1	3	17	5562	17	5562	0.00471429	0	0.00471429	0.00471429	327.176	64.6995	223	445	
46.25	46.5	1	1	1	3	17	6396	16	6062	0.00471429	0	0.00471429	0.00471429	378.875	174.555	223	944	
46.5	46.75	1	1	1	3	16	6728	17	7062	0.00471429	0	0.00471429	0.00471429	415.412	155.795	223	944	
46.75	47	1	1	1	3	17	6006	17	6006	0.00471429	0	0.00471429	0.00471429	353.294	61.9675	278	445	
47	47.25	1	1	1	3	17	6229	16	5840	0.00471429	0	0.00471429	0.00471429	365	173.06	223	944	
47.25	47.5	1	1	1	3	16	6561	17	6950	0.00471429	0	0.00471429	0.00471429	408.824	160.492	223	944	
47.5	47.75	1	1	1	3	17	6395	17	6395	0.00471429	0	0.00471429	0.00471429	376.176	66.6767	278	500	
47.75	48	1	1	1	3	17	6062	16	5673	0.00471429	0	0.00471429	0.00471429	354.563	168.132	223	944	
48	48.25	1	1	1	3	16	6339	17	6728	0.00471429	0	0.00471429	0.00471429	395.765	166.333	223	944	
48.25	48.5	1	1	1	3	17	7228	17	7228	0.00471429	0	0.00471429	0.00471429	425.176	145.387	278	944	
48.5	48.75	1	1	1	3	17	5451	16	5062	0.00471429	0	0.00471429	0.00471429	316.375	56.2446	223	389	
48.75	49	1	1	1	3	16	6173	17	6562	0.00471429	0	0.00471429	0.00471429	386	169.307	223	944	
49	49.25	1	1	1	3	17	7173	17	7173	0.00471429	0	0.00471429	0.00471429	421.941	149.423	223	944	
49.25	49.5	1	1	1	3	17	5784	16	5339	0.00471429	0	0.00471429	0.00471429	333.688	60.7977	223	445	
49.5	49.75	1	1	1	3	16	5951	17	6396	0.00471429	0	0.00471429	0.00471429	376.235	169.362	223	944	
49.75	50	1	1	1	3	17	7006	17	7006	0.00471429	0	0.00471429	0.00471429	412.118	158.198	223	944	
50	50.25	1	1	1	3	17	6173	16	5728	0.00471429	0	0.00471429	0.00471429	358	60.7816	278	445	
50.25	50.5	1	1	1	3	16	5784	17	6229	0.00471429	0	0.00471429	0.00471429	366.412	167.665	223	944	
50.5	50.75	1	1	1	3	17	6839	17	6839	0.00471429	0	0.00471429	0.00471429	402.294	163.577	223	944	
50.75	51	1	1	1	3	17	6562	16	6117	0.00471429	0	0.00471429	0.00471429	382.312	63.7136	278	500	
51	51.25	1	1	1	3	16	5617	17	6062	0.00471429	0	0.00471429	0.00471429	356.588	163.008	223	944	
51.25	51.5	1	1	1	3	17	6617	17	6617	0.00471429	0	0.00471429	0.00471429	389.235	168.776	223	944	
51.5	51.75	1	1	1	3	17	7284	16	6950	0.00471429	0	0.00471429	0.00471429	434.375	144.956	334	944	
51.75	52	1	1	1	3	16	5117	17	5451	0.00471429	0	0.00471429	0.00471429	320.647	57.2363	223	389	
52	52.25	1	1	1	3	17	6507	17	6507	0.00471429	0	0.00471429	0.00471429	382.765	169.771	223	944	
52.25	52.5	1	1	1	3	17	7062	16	6839	0.00471429	0	0.00471429	0.00471429	427.438	152.538	223	944	
52.5	52.75	1	1	1	3	16	5561	17	5784	0.00471429	0	0.00471429	0.00471429	340.235	64.7626	223	445	
52.75	53	1	1	1	3	17	6285	17	6285	0.00471429	0	0.00471429	0.00471429	369.706	168.684	223	944	
53	53.25	1	1	1	3	17	6950	16	6672	0.00471429	0	0.00471429	0.00471429	417	162.058	223	944	
53.25	53.5	1	1	1	3	16	5895	17	6173	0.00471429	0	0.00471429	0.00471429	363.118	62.5199	278	445	
53.5	53.75	1	1	1	3	17	6173	17	6173	0.00471429	0	0.00471429	0.00471429	363.118	166.571	223	944	
53.75	54	1	1	1	3	17	6728	16	6450	0.00471429	0	0.00471429	0.00471429	403.125	168.905	223	944	
54	54.25	1	1	1	3	16	6284	17	6562	0.00471429	0	0.00471429	0.00471429	386	63.5364	278	500	
54.25	54.5	1	1	1	3	17	6006	17	6006	0.00471429	0	0.00471429	0.00471429	353.294	161.67	223	944	
54.5	54.75	1	1	1	3	17	6562	16	6228	0.00471429	0	0.00471429	0.00471429	389.25	174.311	223	944	
54.75	55	1	1	1	3	16	6950	17	7284	0.00471429	0	0.00471429	0.00471429	428.471	142.449	334	944	
55	55.25	1	1	1	3	17	5562	17	5562	0.00471429	0	0.00471429	0.00471429	327.176	64.6995	223	445	
55.25	55.5	1	1	1	3	17	6396	16	6062	0.00471429	0	0.00471429	0.00471429	378.875	174.555	223	944	
55.5	55.75	1	1	1	3	16	6728	17	7062	0.00471429	0	0.00471429	0.00471429	415.412	155.795	223	944	
55.75	56	1	1	1	3	17	6006	17	6006	0.00471429	0	0.00471429	0.00471429	353.294	61.9675	278	445	
56	56.25	1	1	1	3	17	6229	16	5840	0.00471429	0	0.00471429	0.00471429	365	173.06	223	944	
56.25	56.5	1	1	1	3	16	6561	17	6950	0.00471429	0	0.00471429	0.00471429	408.824	160.492	223	944	
56.5	56.75	1	1	1	3	17	6395	17	6395	0.00471429	0	0.00471429	0.00471429	376.176	66.6767	278	500	
56.75	57	1	1	1	3	17	6062	16	5673	0.00471429	0	0.00471429	0.00471429	354.563	168.132	223	944	
57	57.25	1	1	1	3	16	6339	17	6728	0.00471429	0	0.00471429	0.00471429	395.765	166.333	223	944	
57.25	57.5	1	1	1	3	17	7228	17	7228	0.00471429	0	0.00471429	0.00471429	425.176	145.387	278	944	
57.5	57.75	1	1	1	3	17	5451	16	5062	0.00471429	0	0.00471429	0.00471429	316.375	56.2446	223	389	
57.75	58	1	1	1	3	16	6173	17	6562	0.00471429	0	0.00471429	0.00471429	386	169.307	223	944	
58	58.25	1	1	1	3	17	7173	17	7173	0.00471429	0	0.00471429	0.00471429	421.941	149.423	223	944	
58.25	58.5	1	1	1	3	17	5784	16	5339	0.00471429	0	0.00471429	0.00471429	333.688	60.7977	223	445	
58.5	58.75	1	1	1	3	16	5951	17	6396	0.00471429	0	0.00471429	0.00471429	376.235	169.362	223	944	
58.75	59	1	1	1	3	17	7006	17	7006	0.00471429	0	0.00471429	0.00471429	412.118	158.198	223	944	
59	59.25	1	1	1	3	17	6173	16	5728	0.00471429	0	0.00471429	0.00471429	358	60.7816	278	445	
59.25	59.5	1	1	1	3	16	5784	17	6229	0.00471429	0	0.00471429	0.00471429	366.412	167.665	223	944	
59.5	59.75	1	1	1	3	17	6839	17	6839	0.00471429	0	0.00471429	0.00471429	402.294	163.577	223	944	
59.75	60	1	1	1	3	17	6562	16	6117	0.00471429	0	0.00471429	0.00471429	382.312	63.7136	278	500	
